20240306
20240320
20240325
20240326
20240327
20240328
20240329
20240330
20240331
20240401
20240402
20240403
20240404
20240405
20240406
20240407
20240409
20240409
20240411
20240412
20240413
20240414
20240415
20240416
20240417
20240418
20240419
20240420
20240421
20240422
20240423
20240424
20240425
20240426
20240427
20240428
20240429
20240430
20240501
20240502
20240503
20240504
20240505
20240506
20240507
20240508
20240509
20240510
20240511
20240512
20240513
20240514
20240515
20240518
20240520
20240530
20240606
20240613
20240615
20240616
20240618
20240620
20240621
20240622
20240623
20240625
20240626
20240704
20240705
20240706
20240707
20240708
20240709
20240710
20240711
20240712
20240713
20240714
20240715
20240716
20240717
20240718
20240719
20240720
20240721
20240722
20240723
20240724
20240725
20240726
20240727
20240728
20240729
20240730
20240804
20240805
20240806
